1.0 0.0
1.0 0.0
0.928571428571 0.103267973856
0.923076923077 0.130980392157
0.909090909091 0.156862745098
0.875 0.179831932773
0.866666666667 0.203921568627
0.857142857143 0.203921568627
0.846153846154 0.203921568627
0.833333333333 0.250980392157
0.8125 0.262745098039
0.8 0.262745098039
0.785714285714 0.301960784314
0.777777777778 0.301960784314
0.769230769231 0.321568627451
0.764705882353 0.321568627451
0.75 0.321568627451
0.733333333333 0.321568627451
0.727272727273 0.339651416122
0.714285714286 0.346928104575
0.6875 0.346928104575
0.666666666667 0.346928104575
0.636363636364 0.346928104575
0.625 0.346928104575
0.615384615385 0.390017825312
0.611111111111 0.390017825312
0.608695652174 0.409625668449
0.6 0.409625668449
0.583333333333 0.409625668449
0.578947368421 0.409625668449
0.571428571429 0.415377302436
0.565217391304 0.415377302436
0.555555555556 0.415377302436
0.541666666667 0.427142008318
0.538461538462 0.427142008318
0.533333333333 0.454817078346
0.526315789474 0.454817078346
0.52380952381 0.454817078346
0.521739130435 0.478881249469
0.5 0.478881249469
0.486486486486 0.518096935744
0.478260869565 0.537798149563
0.466666666667 0.536883116883
0.454545454545 0.536883116883
0.45 0.536883116883
0.444444444444 0.559382055853
0.44 0.559382055853
0.434782608696 0.559382055853
0.428571428571 0.559382055853
0.411764705882 0.559382055853
0.4 0.559382055853
0.387096774194 0.561996434938
0.375 0.562519833108
0.363636363636 0.562519833108
0.347826086957 0.57428453899
0.333333333333 0.57428453899
0.32 0.567948260889
0.3125 0.490037529645
0.307692307692 0.496789746202
0.304347826087 0.332254627341
0.3 0.316290071584
0.296296296296 0.316290071584
0.285714285714 0.316290071584
0.28125 0.316290071584
0.279069767442 0.316290071584
0.272727272727 0.316290071584
0.266666666667 0.284131538794
0.263157894737 0.284131538794
0.259259259259 0.284131538794
0.25641025641 0.282048943608
0.25 0.282048943608
0.243243243243 0.262164865946
0.242424242424 0.219947979192
0.24 0.219947979192
0.230769230769 0.219947979192
0.225 0.219947979192
0.222222222222 0.219947979192
0.217391304348 0.219947979192
0.214285714286 0.178771508603
0.210526315789 0.178771508603
0.205128205128 0.178771508603
0.2 0.178771508603
0.190476190476 0.152606842877
0.189189189189 0.152606842877
0.1875 0.152606842877
0.185185185185 0.152606842877
0.181818181818 0.152606842877
0.177777777778 0.152606842877
0.176470588235 0.152606842877
0.173913043478 0.153574217947
0.172413793103 0.153574217947
0.166666666667 0.153574217947
0.157894736842 0.153574217947
0.153846153846 0.0878395656988
0.152173913043 0.0878395656988
0.151515151515 0.0878395656988
0.15 0.0878395656988
0.148148148148 0.0878395656988
0.142857142857 0.0878395656988
0.136363636364 0.0838940594159
0.133333333333 0.0838940594159
0.131578947368 0.0838940594159
0.130434782609 0.0838940594159
0.129032258065 0.0891228175858
0.125 0.0891228175858
0.12 0.0891228175858
0.117647058824 0.0891228175858
0.111111111111 0.0891228175858
0.108695652174 0.0891228175858
0.108108108108 0.0891228175858
0.105263157895 0.0762213291114
0.103448275862 0.075173130285
0.1 0.075173130285
0.0952380952381 0.0657519727624
0.0909090909091 0.0657519727624
0.0888888888889 0.0657519727624
0.0869565217391 0.0657519727624
0.0851063829787 0.0657519727624
0.0833333333333 0.0657519727624
0.0810810810811 0.0657519727624
0.08 0.0657519727624
0.0769230769231 0.0657519727624
0.0740740740741 0.0642515456633
0.0714285714286 0.0642515456633
0.0689655172414 0.0642515456633
0.0681818181818 0.0642515456633
0.0666666666667 0.0642515456633
0.0625 0.0642515456633
0.0588235294118 0.0642515456633
0.0555555555556 0.0642515456633
0.0526315789474 0.0642515456633
0.0512820512821 0.0642515456633
0.05 0.0642515456633
0.047619047619 0.0642515456633
0.0454545454545 0.0642515456633
0.0434782608696 0.0642515456633
0.0416666666667 0.0642515456633
0.04 0.0628070175439
0.0384615384615 0.0628070175439
0.037037037037 0.0628070175439
0.0357142857143 0.0628070175439
0.0344827586207 0.0628070175439
0.0333333333333 0.0628070175439
0.03125 0.0628070175439
0.030303030303 0.0628070175439
0.0263157894737 0.0628070175439
0.025641025641 0.0628070175439
0.0227272727273 0.0628070175439
0.0 0.0628070175439
